17

l0_297_C1 0.9522012591410534 0.7520250906275442 -1.8616630956906283e-38
l0_1190_C1 0.28074156393034916 0.9718643043783948 -1.8616630956906283e-38
l0_1748_C1 0.35888519018642207 0.7335236007525444 -1.8616630956906283e-38
l0_2306_C1 0.4370288164424863 0.4951828971267003 -1.8616630956906283e-38
l0_2864_C1 0.5151724426985588 0.25684219350085 -1.8616630956906283e-38
l0_3422_C1 0.5933160689546315 0.018501489874999697 -1.8616630956906283e-38
l0_743_C2 0.49153751764544273 0.9383080223366833 0.3333333351204249
l0_1301_C2 0.5696811439015317 0.6999673187108207 0.3333333351204249
l0_1859_C2 0.6478247701576085 0.46162661508496733 0.3333333351204249
l0_2417_C2 0.7259683964136728 0.2232859114591232 0.3333333351204249
l0_3310_C2 0.0545087012029728 0.4431251252099707 0.3333333351204249
l0_3868_C2 0.13265232745903718 0.20478442158412657 0.3333333351204249
l1_1454_Pd1 0.3414407093405914 0.001002988920064251 1.791254318456476e-09
l1_753_Pd2 0.6173746188340007 0.6773476207079853 0.4999999973580771
l1_928_S2 0.8777610055455336 0.20780000825220793 0.3885193753495359
l1_1366_S2 0.19487957107194562 0.20579404287197062 0.3885193753495359
l1_1015_S3 0.5574058151332235 0.3168388156993122 0.8885193727076129
